            Cp Ep Ci Lm WE CE Ed Li La Ea   Op     Ealu Lb Eb Esp spOp Lo              ctrlOut

// Fetch Cycle

T_1         0  1  0  1  0  0  0  0  0  0  0  0  0  0    0  0  0   0  1  0         01010000000000000010
T_2         1  0  0  0  0  1  0  1  0  0  0  0  0  0    0  0  0   0  1  0         10000101000000000010
         
// Execution cycle:

ADD_A_B     0  0  0  0  0  0  0  0  0  0  0  0  1  0    0  0  0   0  1  0         00000000000010000010
            0  0  0  0  0  0  0  0  1  0  0  0  0  1    0  0  0   0  1  0         00000000100001000010
                                                                                                   
SUB_A_B     0  0  0  0  0  0  0  0  0  0  0  1  0  0    0  0  0   0  1  0         00000000000100000010
            0  0  0  0  0  0  0  0  1  0  0  0  0  1    0  0  0   0  1  0         00000000100001000010
                                                                                                   
XCHG_B_A    0  0  0  0  0  0  0  0  0  0  0  0  1  0    0  0  0   0  1  0         00000000000010000010
            0  0  0  0  0  0  0  0  1  0  0  0  0  1    0  0  0   0  1  0         00000000100001000010
            0  0  0  0  0  0  0  0  0  0  0  1  0  0    0  0  0   0  1  0         00000000000100000010
            0  0  0  0  0  0  0  0  0  0  0  0  0  1    1  0  0   0  1  0         00000000000001100010
            0  0  0  0  0  0  0  0  0  0  0  1  0  0    0  0  0   0  1  0         00000000000100000010
            0  0  0  0  0  0  0  0  1  0  0  0  0  1    0  0  0   0  1  0         00000000100001000010

RCL_A       0  0  0  0  0  0  0  0  0  0  1  0  1  0    0  0  0   0  1  0         00000000001010000010
            0  0  0  0  0  0  0  0  1  0  0  0  0  1    0  0  0   0  1  0         00000000100001000010                                                                                       
OUT_A       0  0  0  0  0  0  0  0  0  1  0  0  0  0    0  0  0   0  1  1         00000000010000000011
                                                                                                   
INC_A       0  0  0  0  0  0  0  0  0  0  0  1  1  0    0  0  0   0  1  0         00000000000110000010
            0  0  0  0  0  0  0  0  1  0  0  0  0  1    0  0  0   0  1  0         00000000100001000010
                                                                                                   
MOV_B_ADDR  0  0  0  1  0  0  1  0  0  0  0  0  0  0    0  0  0   0  1  0         00010000000000000010
            0  0  0  0  0  0  1  0  1  0  0  0  0  0    0  0  0   0  1  0         00000010100000000010
            0  0  0  0  0  0  0  0  0  0  0  0  0  0    0  0  0   0  1  0         00000000000000000010
                                                                                                   
MOV_B_BYTE  0  0  0  0  0  0  1  0  0  0  0  0  0  0    1  0  0   0  1  0         00000010000000100010
            0  0  0  0  0  0  0  0  0  0  0  0  0  0    0  0  0   0  1  0         00000000000000000010
                                                                                                   
JMP_ADDR    0  0  1  0  0  0  1  0  0  0  0  0  0  0    0  0  0   0  1  0         00100000000000000010
                                                                                                   
PUSH_B      0  0  0  0  0  0  0  0  0  0  0  0  0  0    0  0  1   0  1  0         00000000000000001100
            0  0  0  0  1  0  0  0  0  0  0  0  0  0    0  1  0   1  0  0         00001000000000010010
                                                                                                   
POP_B       0  0  0  1  0  0  0  0  0  0  0  0  0  0    0  0  1   1  1  0         00010000000000001110
            0  0  0  0  0  0  1  0  0  0  0  0  0  0    1  0  0   0  1  0         00000010000000100010
                                                                                                   
NOT_A       0  0  0  0  0  0  0  0  0  0  1  0  0  0    0  0  0   0  1  0         00000000001000000010
            0  0  0  0  0  0  0  0  1  0  0  0  0  1    0  0  0   0  1  0         00000000100001000010
                                                                                                   
CALL_ADDR   0  0  0  0  0  0  0  0  0  0  0  0  0  0    0  0  1   1  0  0         00000000000000001100
            0  0  0  0  1  0  0  0  0  0  0  0  0  0    0  0  0   0  1  0         00001000000000000010
            0  0  0  1  1  0  0  0  0  0  0  0  0  0    0  0  0   0  1  0         00011000000000000010
            0  0  1  0  0  0  1  0  0  0  0  0  0  0    0  0  0   0  1  0         00100010000000000010
                                                                                                   
RET         0  0  0  0  0  0  0  0  0  0  0  0  0  0    0  0  1   1  1  0         00000000000000001110
                                                                                                   
TEST_A_B    0  0  0  0  0  0  0  0  0  0  1  1  0  0    0  0  0   0  1  0         00000000001100000010
            0  0  0  0  0  0  0  0  1  0  0  0  0  1    0  0  0   0  1  0         00000000100001000010                                                                                       
HLT         0  0  0  0  0  0  0  0  0  0  0  0  0  0    0  0  0   0  0  0         00000000000000000000
